-1.588923 0.187737 -1.589039
1.688453 1.673554 0.274957
-0.048472 1.838226 0.985581
0.472573 -1.991653 -1.104771
-0.294553 -0.062284 -0.404273
0.899582 -1.432475 -0.766886
1.467001 -0.907564 0.042291
-0.414043 1.296050 0.303535
-1.493283 -0.902475 1.709155
0.211954 0.137864 1.879218
-0.377351 -0.406216 -1.183968
-1.576580 -0.652098 -1.048168
0.168674 -1.789169 1.154567
1.183228 -0.655066 -0.714072
-0.007242 1.031480 -1.549006
1.493674 1.390053 -0.716001
0.775479 -0.654434 -1.151754
1.798311 -1.485500 0.435747
-0.883787 1.371469 0.503252
-1.032443 1.183011 -1.631991
1.145750 1.246169 -1.818819
-1.741076 -1.965961 -0.958489
-0.930297 -0.104461 1.374794
0.182243 -1.948122 -1.380501
-1.030156 1.463575 1.631090
-1.205314 -0.966004 -0.378644
-0.090418 -1.260475 -0.260966
-1.509575 -1.004441 -1.198170
1.611993 1.255445 0.144741
1.898453 -1.040505 0.491861
-1.786477 -0.581824 -1.705644
-1.181096 1.372571 2.018639
1.490771 -0.752005 -0.437392
0.267608 -1.045077 -1.067432
2.263087 -0.819361 0.181362
1.280788 -0.457033 -0.476839
-1.520992 0.753513 1.325191
-0.613035 -0.207868 0.173230
-0.204199 -0.492872 -0.305108
-2.004471 0.494021 0.524491
-0.378744 1.331328 -0.174046
-1.573916 0.220511 0.182263
2.086440 0.864112 1.870666
-1.059187 -1.113747 1.037783
0.830294 -1.268520 -1.675402
-1.734184 1.379084 -0.461115
1.733852 1.017096 1.033235
-1.447514 1.862803 1.329638
1.282984 1.232947 1.371641
1.979619 -0.286316 -1.750867
-0.456838 0.718130 0.124697
2.008871 1.688797 -1.594284
-1.168399 0.248600 -1.653176
0.872679 -0.615654 -0.096878
-1.227318 -0.496164 0.492490
-1.782871 1.079296 0.967106
-0.698858 0.429121 0.231405
0.198288 1.138506 1.960538
-1.530192 -0.797609 -2.011154
-1.148813 -0.725034 -1.198723
-0.658519 0.598540 1.111119
0.108178 0.591816 1.716496
-1.877340 1.061793 1.438357
-1.278833 0.606507 -1.722983
2.170440 1.427542 0.078992
1.018170 1.400732 -2.089512
-1.508761 -2.013081 -0.529039
-0.840013 -0.466423 -1.742144
1.808304 -1.449107 0.736287
2.113475 -0.106276 -0.159913
0.728447 1.191956 -2.050772
0.604796 -0.527887 -0.731424
2.070941 -1.621041 -1.808006
-0.383533 0.904724 -0.267170
1.317490 -1.932749 1.221661
-1.795572 -1.033382 0.014973
-0.493972 -1.132285 1.159575
0.960223 1.103562 -0.778949
-0.808355 -1.028600 -1.370397
-1.030577 0.436832 -0.577590
-0.187033 0.652006 1.613689
-0.598653 -0.097998 -1.534343
0.216843 -0.359064 -0.622740
2.195367 -0.351293 0.274953
-0.127152 0.648093 1.209598
0.714542 1.788082 -1.180462
0.211841 -0.236412 1.386718
1.846533 0.039389 0.783096
-0.434532 -1.793489 -1.011766
1.584167 0.905993 -0.003369
0.721168 0.862818 -1.981190
-1.343348 1.272900 1.421203
-1.165948 0.552307 -0.244082
-0.339112 1.404192 1.311217
0.324533 1.270719 1.929808
0.584239 0.190537 -0.193237
0.833084 1.436838 0.365096
-1.616069 0.266774 -1.210812
-1.296401 -1.847800 -0.356230
-1.806826 -0.602810 -1.936783
2.087287 0.253981 0.676335
-1.368949 0.880123 0.755889
0.305187 0.068499 -0.715913
-0.774464 0.733237 -1.782858
1.393865 1.852629 0.192740
1.085394 1.750723 1.739643
0.171079 0.774727 2.019873
0.844275 -1.767561 1.318378
-0.172300 -1.438074 -1.280224
0.957860 -0.409800 1.463029
-0.470918 0.906337 0.225362
1.383981 -1.022832 -0.608350
-0.840576 -0.972938 -0.451560
2.233425 0.528199 0.642450
0.928347 0.329790 1.943666
-1.595273 -0.880283 -1.865637
-1.787809 -0.416631 1.342777
-1.654901 -0.728347 1.813881
1.844115 -2.016823 1.520948
0.995944 -0.909385 1.828345
-1.043134 -0.553398 -0.211426
1.939055 0.077067 0.748946
-1.546694 -0.387386 1.346065
-1.573625 -1.464357 -0.656867
0.235553 -0.083791 1.384980
-0.316749 0.845926 -2.038479
-0.311403 0.049515 1.831665
2.238123 -0.172407 -0.240288
-1.066651 -0.448074 -0.713080
0.372493 -1.125676 0.452279
-1.881776 0.338347 0.996817
1.947889 -1.113982 -0.254805
1.998980 -0.950845 0.098683
-0.760365 1.921990 0.975817
-1.034124 -0.768045 -1.302200
1.645810 1.905979 0.500597
-1.199731 -0.417351 2.101295
-1.718516 -0.355888 -0.288737
0.261324 -0.642261 -1.190119
0.051959 1.897903 -1.663985
-1.567059 0.200055 1.853423
0.176448 0.587850 -0.153387
-1.655442 -1.381645 1.928565
-0.672768 0.714846 -1.901430
1.424800 -0.611580 1.541283
-0.024006 1.633631 -1.362326
-0.747715 -1.975876 2.173261
0.633522 -0.575393 0.700241
1.625250 -0.758883 -0.806297
-0.517974 1.915762 -0.460423
0.206826 -0.535338 -1.739267
-1.713935 -1.445879 1.855927
0.366136 -1.289213 -0.218672
-1.241342 -1.674231 0.896232
-0.742324 0.407212 -1.695633
-1.818798 1.852744 1.651329
2.037499 -1.018598 -1.807223
-1.026738 1.119239 -1.865145
-0.128171 -1.328065 1.376334
-0.305566 -1.217788 1.162630
-0.401422 0.533867 0.109876
-1.669124 -0.335859 -1.548880
-0.371800 -1.868693 -1.979398
-1.841287 -1.832935 -1.151433
0.790600 1.679963 0.649808
-0.166715 -1.009783 0.366138
-1.586298 -0.340779 0.609306
-0.578791 -1.968928 1.599702
-1.778634 0.899574 -1.897057
0.048888 0.390957 -1.037133
2.001876 0.353254 0.192747
1.216380 -0.941080 -1.322215
-1.643264 1.838843 -1.355035
0.625803 1.074489 -1.249729
1.390478 0.744263 1.858946
-1.700837 1.877563 1.460976
-0.272548 1.348778 0.699180
0.697307 -1.885970 -1.327137
1.813938 -0.360090 1.062509
-1.127700 0.402152 0.076954
-2.179930 0.138460 1.963014
-0.315883 1.350947 -1.246614
-0.501215 -1.263540 1.605680
1.560170 -0.129268 1.762704
1.596328 -1.608270 -0.833537
-0.930798 0.658747 -2.114120
-1.757439 1.071342 1.122976
1.760296 -0.701893 0.542661
-2.003457 0.338753 -0.071049
-1.755237 -0.993493 -0.860786
1.563964 -1.640748 1.322942
0.103805 -1.040962 1.695908
1.872897 -0.065880 -0.033593
-1.002440 -1.173833 1.466654
1.760703 1.647033 -0.352542
-0.202925 0.944677 -0.808163
-0.829238 1.450234 1.920901
0.121259 -0.730098 -1.763543
-1.553739 -1.460413 -0.332609
-1.697171 -1.385044 -0.070874
-1.694149 0.372886 2.126582
-1.717502 1.709558 0.270685
2.228458 -0.488510 -1.970872
0.837339 -1.536963 -0.862137
-0.553781 -1.030864 1.172011
-1.605704 -1.927441 -1.155467
-1.269452 1.721471 -2.058396
1.760747 0.070309 0.547079
1.852280 1.073621 -0.616778
-0.953034 -1.904468 -1.014836
1.416345 0.226880 0.043544
-1.701516 0.512551 -1.361004
-1.458780 -0.561428 -0.977355
0.526261 -0.034210 1.001242
-0.541312 -0.288608 1.994914
-0.265393 -0.682207 1.964380
0.749238 0.188334 0.224570
-0.375826 -1.389395 1.652950
-1.769425 -1.049418 1.140460
-1.631375 0.850568 -1.162017
-0.043422 0.717117 0.749328
-1.141654 -1.623982 0.421100
0.748532 -0.065807 1.286480
1.946812 -0.282802 0.573939
-1.941380 1.588615 1.831708
-1.137874 0.797189 2.091431
-0.216209 -1.696439 1.761252
-0.996243 0.384982 2.016114
-2.022063 -0.887911 0.373366
-1.278177 -1.871603 2.012517
-1.694111 1.063994 0.812061
0.429509 1.927270 1.891849
1.009130 -1.022676 0.181879
-1.185308 0.844390 -1.502413
-1.478090 1.831101 0.891428
-0.823348 1.864647 0.127653
1.068430 1.281323 -1.727922
0.885523 -1.701312 -1.193386
-1.740311 1.613843 -1.572469
0.650513 -0.026808 -0.941126
-0.440109 1.845735 1.028537
0.614106 0.339499 1.562052
-0.854382 1.549139 0.091233
1.576126 0.474350 1.723971
-0.438331 -1.763024 -1.125656
-0.641083 -0.738572 -1.342910
-1.705302 -1.367753 -1.798613
2.220729 1.510151 -1.641233
-0.189941 0.575974 1.046763
1.406534 -0.056916 1.433263
0.703222 1.770277 -1.841975
-0.904696 -0.924284 -0.872893
-1.179041 -1.120719 -1.013797
-0.654790 -0.675522 -1.523695
-0.046896 -0.714656 0.965365
-0.017329 -1.221291 -0.864103
-1.002607 -0.634718 1.474662
1.288340 -1.192941 1.293511
-0.255044 -0.777354 1.896338
1.278324 0.788341 -1.977316
-0.035993 -0.461732 1.575243
-1.817569 0.319511 -1.357659
-0.112261 1.264879 2.018058
-0.490715 1.042071 -0.961328
2.118792 0.321325 0.780045
0.699047 -1.323527 -0.644111
-1.050601 0.433528 1.898288
0.262645 -0.171377 -0.230517
-1.626584 1.103302 1.521203
0.914932 -1.153318 -0.721692
1.762282 -0.332541 -1.603783
0.378439 0.817826 -0.965623
-1.651276 -0.946748 -1.223364
-0.891479 0.836618 -1.686642
0.797849 1.495653 0.642344
-0.785748 1.217082 -1.839555
0.448345 0.939204 -1.914933
-0.853299 1.310155 0.819040
0.449595 -1.555007 -1.642248
2.111691 0.490907 0.615667
-1.010672 1.621416 0.665667
1.898101 -0.282500 -2.090184
0.497843 1.882508 -2.012873
0.712456 -1.178572 1.471014
2.125015 1.980186 -1.975529
1.398887 -1.343702 0.883312
0.364662 1.621065 -1.624385
-1.672038 1.843347 1.300025
0.286456 0.245011 1.669719
-1.321871 -0.052622 1.767231
-0.883124 -0.163251 -1.820172
1.704850 0.857795 -0.607263
0.397933 1.572952 -2.030418
0.843597 0.134704 -1.113974
-1.773996 1.149563 0.589436
0.962410 1.242703 1.921744
-0.621587 0.986725 -0.707265
-1.603725 -1.058364 -0.040648
0.866116 0.977580 1.820756
0.024123 -1.169962 0.681646
0.278566 -1.867428 -0.004637
-1.122084 -1.200475 0.855203
1.099160 -1.633220 -1.498722
0.676548 0.088966 -0.992533
-1.268157 -0.998426 -1.664473
1.949693 0.077484 -0.384060
1.459379 0.630105 -2.207045
-0.008986 0.702236 0.119254
-1.370229 -1.983673 1.983460
1.049446 1.839697 -0.289524
-0.017297 1.747897 -1.073765
1.056677 -0.542845 -0.169160
-2.045826 -1.323871 1.841503
-0.508519 1.178464 -1.545313
-0.719258 -0.338040 -0.130519
-1.965914 1.305281 -1.697083
-1.681717 -1.172725 1.520071
1.639430 -0.455773 -0.987925
-1.105916 -0.464386 -0.078883
0.384869 1.789107 0.090168
0.744001 -1.671892 0.363256
-0.332139 -0.982652 0.184953
-0.462630 1.659421 -1.802832
-0.178893 -0.165651 1.813067
-0.901265 0.884935 0.753130
-0.359170 -0.282419 0.733291
-0.777353 0.879021 1.550806
-1.218662 1.885252 0.776590
-0.883986 -1.812975 -1.555588
1.112772 -1.537598 1.197189
-1.842887 -0.259499 0.364221
-0.457186 -0.667105 -0.040017
-0.232553 -0.829305 1.386813
-0.560138 1.284715 0.973968
1.245861 -0.448972 -1.424728
-1.357820 -1.590247 -1.199713
-0.164087 1.859536 -0.402522
-0.294551 -1.651571 -1.919236
-1.752231 -0.077418 -1.838580
-1.169905 -0.050308 0.875118
-0.116432 1.138347 0.362687
1.696985 1.847349 0.979751
1.962602 1.654488 -1.238415
1.697291 -0.041790 -1.737087
-0.080843 0.489134 2.120957
-1.198587 -1.657750 0.744548
-1.145448 -0.156283 0.743433
1.000751 1.314317 0.581751
-0.062271 -1.043917 -1.897007
0.074321 -1.237380 -0.337643
1.104330 1.393096 -1.960085
-1.028860 1.239300 0.561964
-1.708066 -0.699149 0.963195
1.921896 -1.583322 -1.563277
1.936031 -0.869926 0.214008
-0.640848 1.728502 0.380600
-1.349293 1.255448 0.925288
2.139819 1.862774 0.832521
1.097329 1.082220 1.839368
-1.831601 1.163403 -2.076390
-1.116355 0.775866 -1.514213
-0.082076 -0.390606 -1.544667
1.481590 -1.337114 -0.401433
0.083934 1.471588 0.178891
1.075800 -1.340212 -2.062543
0.278266 -1.376422 -1.080627
-1.676894 1.480393 -1.601096
0.637425 0.769166 -1.080354
-0.157026 0.320162 -0.787134
-1.050119 -0.244302 -1.473358
1.403780 1.072107 0.484994
-0.732892 -1.048170 1.086632
2.071774 1.149779 1.617295
-1.056796 1.296829 -1.612813
-0.786058 -1.428062 -1.557352
1.299273 -1.418160 1.566093
0.136274 -1.216477 -1.115799
-2.001228 -1.195033 1.447648
1.774710 -1.450319 1.944575
0.359630 0.994559 -0.530574
2.282226 0.786067 -1.770285
0.759301 -0.342609 1.324168
-0.275472 -0.049725 -1.372169
-0.712694 -0.742458 0.425716
-1.098438 -0.071655 0.144613
-0.902806 -0.791568 -0.757598
1.797059 -1.849622 -0.754952
0.038048 -1.148607 1.524838
2.022544 -1.331315 1.186590
-0.827467 -0.018034 -1.000480
-0.360939 -2.078964 2.115219
0.600377 0.012667 -0.761203
2.064371 1.834791 -1.965171
-1.833459 -0.292026 0.038503
2.116489 0.944758 -0.110923
1.061786 1.382129 1.210742
-0.121502 1.705977 0.388676
1.962180 1.565636 1.254083
-1.685124 1.676443 -0.463195
-0.903204 0.086173 0.308252
-1.173987 1.761680 0.965759
0.360569 -1.069807 1.483148
2.035327 -1.544969 -0.394712
-0.357707 0.237118 1.031855
-0.753260 0.867055 0.722936
0.385518 -0.647204 -0.158559
-0.783804 0.629635 -0.767559
-1.018273 -1.321258 -0.328796
-1.902076 -1.899373 2.062024
0.878108 -0.022642 -1.008246
1.011013 -1.622864 0.047428
1.783794 0.262730 -1.073399
1.532285 0.993735 0.717609
1.126781 -1.649574 1.410962
0.534939 -1.996650 0.131150
-1.433222 -1.504785 1.356786
0.463574 -0.346204 0.735254
1.720638 0.601034 0.663739
-1.610831 1.174385 0.594378
-1.890266 -0.476351 1.336636
-0.193707 0.084529 -0.618620
-2.002778 -1.414139 -0.531244
-0.286079 -1.874773 -1.153123
1.627634 -0.227709 0.661894
-0.500721 1.817207 1.596638
-1.931873 1.116757 -2.070365
0.234648 -0.224386 0.658159
-1.248734 -1.540225 -0.878294
-1.709557 -1.205373 1.473661
1.980154 -1.540567 1.405477
-0.185786 -0.576272 1.920848
-1.476614 -1.892501 -1.801231
1.194784 -1.532426 -1.729252
-0.168914 0.453610 -1.738821
0.432864 -0.286193 -1.522307
0.274972 0.407962 1.312016
1.025098 0.207206 -1.681638
-1.380786 0.279203 1.357010
-1.786401 0.096575 -0.038420
-1.247338 -1.109805 -1.757245
-1.112261 0.065745 -1.446493
1.591703 0.982003 -0.299141
0.525898 0.624309 0.836235
-0.143418 0.750507 1.861679
2.156357 -0.347848 -0.619177
0.975917 1.499819 1.358229
0.095878 -1.583153 0.818582
1.612657 -0.736230 -1.350218
1.545415 -0.327818 1.629297
0.348195 -0.183004 -1.032220
-1.888414 -0.994926 -0.502380
-0.181236 -1.019584 -1.294054
0.227987 -1.805136 0.564175
-1.549881 -1.140024 1.134852
1.992292 1.451082 -0.110632
-0.170687 0.026180 -0.810760
0.461224 -0.402105 -1.370164
-0.953034 -2.030164 -0.423209
-0.538197 0.574753 1.018284
1.051253 -1.526661 1.188629
0.036270 -1.377871 -1.132089
1.915719 -0.769882 0.519788
-1.109662 -0.353291 0.456754
-1.601551 0.392793 1.870378
0.927477 1.543378 -0.837567
0.899249 -1.509834 1.550529
1.629287 0.983323 1.813007
1.996564 -0.172428 -2.180037
1.752161 1.738666 -0.280844
1.505894 -1.276555 -1.836579
-0.720079 1.929962 -0.342241
0.906183 1.819244 -0.425209
-1.320907 -0.638829 -1.017357
-0.550986 -0.592163 -1.053309
1.816880 1.152438 0.098837
-1.106432 -0.247262 0.753418
-0.917880 1.239401 0.954415
-1.189287 0.264256 0.294330
0.601506 -0.963279 0.441880
-1.408423 0.555113 0.341684
0.688088 -0.632017 1.416877
-1.228343 1.575519 -0.957593
1.782277 1.126716 -0.611535
-0.558088 -0.773200 1.395431
0.976311 1.733281 -1.867541
2.144907 1.073675 -0.965101
-0.789131 1.385683 -0.516633
1.305832 -0.962444 0.508337
0.138148 1.472535 1.201652
-1.200522 0.024386 -0.985633
-0.424521 -1.897394 1.075293
1.514197 1.860178 1.286361
-0.143433 -1.581127 -1.960969
-1.163236 -0.182186 -0.269376
0.480732 -0.967432 0.851348
1.475935 0.948941 -1.193676
0.446073 -0.612900 0.609298
2.038337 1.652513 0.899632
-1.295146 -0.516943 -1.242794
-1.581234 0.278928 -0.300033
1.255953 -0.461790 -0.263387
0.856431 1.239709 0.466134
1.852768 -1.769011 0.214969
-1.208869 -1.269864 -0.333000
-0.798354 1.008805 1.875726
-1.161624 0.796822 -1.550006
0.312300 1.213200 -0.825527
-1.079301 0.233277 -1.884186
-0.618637 0.875342 1.408580
-0.396532 0.431853 -0.468848
-1.615179 1.350034 -0.577256
-0.631217 1.762366 1.898113
-0.195324 1.843944 -1.819171
1.399613 -1.380588 -0.459815
2.074778 -1.509766 -0.780736
1.918469 1.052251 -1.283846
1.776023 0.235965 1.266851
0.208347 -0.987627 0.336385
-1.101378 -1.977771 1.298227
1.438709 0.172204 0.582659
0.557703 0.260026 -0.095173
-1.503740 -0.212016 0.517930
0.518889 0.262987 1.729911
0.783424 1.606391 -0.349783
-1.041221 -1.564047 0.904753
-0.183314 -1.348933 0.610075
-1.225019 -0.093551 -1.911262
0.566453 -0.499781 1.377123
-0.346558 -1.864681 -2.030842
0.188212 0.730134 1.361801
-1.429029 -0.959016 2.173796
1.454712 1.445146 1.274114
1.544212 0.615985 1.481236
-1.504612 -1.282121 2.101804
0.483264 1.257898 -1.999357
0.053601 0.622993 1.809135
0.326580 0.860851 -0.669882
-1.031675 -0.084912 1.250716
0.216582 -1.413914 0.251402
0.532749 0.305812 -1.284633
1.296172 -0.995795 -1.019730
-1.016043 -0.058180 -1.523705
1.523569 0.578757 1.932714
-0.680074 -1.089730 -1.131794
1.723161 1.647293 1.627940
1.588990 0.506419 1.201276
-1.115193 0.265139 -0.869460
0.839919 0.739584 -2.038383
0.891102 -0.626171 -0.006165
-1.320499 -1.734217 1.944703
0.789249 0.925103 -0.373286
1.560547 -1.371285 1.842337
-1.097200 1.468400 -1.433384
2.245706 1.158660 -0.998910
-1.313723 0.996420 0.020545
1.598782 -0.523701 -1.866367
2.068006 0.623899 -0.515575
1.543194 -0.475164 1.781598
2.123935 -0.938370 0.135408
-1.475723 -0.941748 -0.437611
-1.800722 0.444372 2.037789
0.878207 1.786981 -0.088534
2.031884 -1.475067 -1.340881
1.686550 1.566779 -0.461786
-1.482892 1.182712 -0.169523
-0.622044 -0.563706 -0.818440
0.101827 1.694507 0.904042
-1.288124 -1.138921 2.193946
-1.198906 1.465370 2.078820
0.463435 -1.794674 -1.608025
1.933097 1.766709 0.909746
1.236346 0.603366 0.932014
0.111709 1.272540 1.184728
-1.947197 -1.817521 0.764963
-0.326712 -1.053917 1.089703
1.125630 0.389391 1.670917
-1.944681 0.839467 -0.049592
-1.927226 0.463615 -1.702649
-1.749031 0.648036 2.140048
0.813259 1.858083 1.295768
1.359319 -1.313690 -1.872864
-1.919613 1.547601 -0.965397
-1.520934 1.414180 -1.350998
0.347858 -1.165468 -1.008358
0.947924 0.404777 -1.088854
-1.811814 -1.863801 0.450655
2.077946 0.267518 -0.793855
-1.798277 1.662154 -1.794465
1.875260 -1.656945 -1.295185
-0.525702 0.533783 1.242695
0.045576 1.833560 -2.012997
-0.549330 0.015571 0.877071
1.000112 1.176524 0.282259
-0.378116 -1.627430 1.155016
-0.893506 1.473048 -1.126357
0.521678 -0.768392 -1.229967
-0.223538 -1.036579 1.057893
2.235708 -0.471511 -0.622307
1.285902 0.238421 -1.434344
-1.497565 0.554332 0.046826
-1.023117 0.204328 -0.692207
0.290532 0.560107 -1.809500
-1.133473 1.531852 -0.107882
-0.856633 -1.347979 -1.927870
0.967221 -1.821696 -1.947401
-1.842021 -0.784157 -1.425357
-1.371323 -0.831134 -1.896172
1.219150 1.550398 -0.750226
-0.270904 1.720170 1.907274
-1.496146 0.059208 0.841135
-0.194685 0.141191 1.506923
0.438075 -1.234463 0.957951
1.632863 0.775137 0.933291
-0.458377 -1.719132 1.128590
1.855943 -0.728929 0.018276
1.680922 0.445129 -1.081978
-1.622529 -1.299935 -0.094625
-0.830261 1.551149 -1.008036
2.145387 1.642505 -0.882412
0.077661 -0.923337 1.450881
-0.332569 1.221493 -1.258451
0.809957 -1.769869 0.940700
-0.301047 -0.560961 0.197361
-1.054808 -1.166622 0.583770
-0.895139 -0.743048 -0.555491
-1.774732 1.355493 1.836500
1.925103 -0.879169 0.291299
-1.490195 0.479943 1.890702
1.202468 0.753994 -0.196883
0.466671 -0.780887 0.550071
2.179491 1.294433 0.698388
0.527006 0.171793 -1.422582
2.026462 1.888846 0.910060
-0.613871 -1.012976 -1.625705
1.519473 -1.646401 2.051592
0.183424 1.659642 1.212547
-0.054588 1.604208 -1.749756
1.710316 -0.251747 -0.901203
-1.677158 1.241719 -0.209335
-1.320314 -0.319988 -1.645503
0.716502 0.283340 0.934530
1.110175 1.904491 -0.344576
-0.198135 -1.937918 -0.646528
0.948770 0.479664 0.299551
0.911709 0.629344 -0.620424
0.605298 -1.912840 -1.542710
2.252018 0.011306 -1.007965
-1.969996 1.609402 2.085984
-0.156388 0.640744 1.585150
0.869455 0.622054 -1.773939
0.000042 -1.046901 -1.400768
-0.563597 1.649881 1.318546
-1.437810 0.851778 1.629226
-0.464555 -0.307001 0.819615
2.018086 1.879392 -1.243434
-0.770712 1.636365 -1.763574
1.490242 -1.482643 -1.614445
1.743222 -2.045821 1.155649
0.490601 -0.171653 0.512320
1.039970 0.977214 0.776606
-2.016430 0.180669 0.666631
0.592648 0.891314 -0.517505
0.968722 1.041790 -1.618046
0.537246 -1.187141 -1.480444
0.939245 -1.200308 -1.841666
-1.655784 0.557396 -0.591588
1.074188 -1.537168 -0.790289
0.268971 -1.322796 1.236134
-0.756352 -1.709187 -0.224222
0.774205 1.590787 -1.538207
1.045137 -0.008112 0.331161
1.438887 1.588800 -0.416311
1.311975 -0.380028 0.741157
0.999553 1.457915 -2.099963
1.795462 -1.630719 1.695508
-1.111267 -1.885815 0.124813
1.901474 0.265483 -1.709878
1.980399 0.043784 0.141974
0.484980 -1.190146 -1.571005
-1.591785 -1.715089 1.512379
-0.304494 -0.979221 -2.038801
-0.890193 0.297878 0.419223
-0.973517 -1.322618 -0.409831
0.500047 0.893683 -0.930877
0.489740 -0.924401 -1.059284
-0.785073 -1.821450 -1.763988
-1.587782 -1.596448 -1.432341
-1.372872 -1.436137 -0.621116
0.757385 1.195046 1.149905
-1.847158 0.785852 -1.301081
2.214214 -0.001167 1.090255
-1.234035 1.471318 0.125506
1.701996 1.879101 -0.358680
0.019167 -1.320178 1.819261
-1.433049 -1.197528 2.138713
-0.300316 -0.193110 -0.322666
-0.537418 0.965973 -1.744540
1.540195 1.296615 -1.858047
-1.841741 1.023847 -1.171266
-0.136658 -0.796459 -0.051032
0.107075 0.869747 0.453584
0.904166 -0.434859 1.240774
1.986840 -1.791818 1.408485
1.333831 0.641632 0.226123
1.236025 -0.952384 0.209738
-1.582964 0.502944 0.950964
0.350559 -0.019872 1.835623
0.240606 0.034376 -1.056806
-1.148696 1.653810 1.888717
1.606561 -0.947858 1.786826
-0.618658 -1.855729 -0.355108
-1.462050 -0.143901 1.366488
1.337443 1.468975 0.411628
-1.018012 -1.866405 -0.491529
1.991251 1.327695 0.918868
1.724167 1.279143 -2.031395
-0.844492 1.346572 1.499290
0.821443 0.573894 -0.460783
-1.370499 -1.406523 0.134984
-1.991599 -0.067587 -1.394427
-0.973156 -0.033095 -1.272095
-0.284463 -1.952430 0.080653
-0.983458 -1.980918 0.580895
1.868538 -1.561708 1.757465
-0.299463 -0.080408 -1.198482
1.576986 -1.201829 -1.711052
0.856368 0.726268 0.890695
-0.882314 1.931143 -1.211104
-1.703668 -0.128661 -1.493554
-0.086189 1.869202 -0.524267
1.099819 1.363312 1.155823
1.641839 -1.846051 2.009716
-0.778431 0.067109 -1.250190
-0.915602 1.150174 1.384725
-1.016748 -0.057327 0.727128
0.221876 0.984408 -1.293394
0.074163 -1.039095 0.019419
-2.008719 -0.896229 -0.622210
-0.014765 -0.446861 1.203060
-1.448982 0.696572 0.447870
1.934646 -1.450929 0.765710
-1.084205 -1.157975 -1.245193
1.276191 -1.682018 -0.602320
-0.876855 -2.072042 1.354153
-0.673347 1.453956 -1.780130
-1.239102 -1.216490 -0.545083
-0.115740 0.934860 1.326809
-0.836809 0.288993 0.746500
0.766304 -0.822288 0.568360
1.897711 0.299134 -0.489536
-1.260636 -0.764762 1.601264
1.989475 -1.123814 -1.593230
-0.571367 -1.228001 -0.315337
-1.843436 1.766348 0.824816
0.659729 -0.615932 -1.587671
1.558147 0.319480 -0.074684
-1.098349 -0.184842 1.957493
2.214052 1.630378 -1.580770
-0.947512 -1.189649 -0.900831
-1.160078 0.593558 0.665969
-0.800919 1.386652 0.478458
0.769578 0.512350 0.093586
0.192959 1.629236 -0.199848
-1.721373 -0.575676 0.126925
1.911370 -1.673878 1.282679
1.231671 -1.815149 -0.406900
2.227804 1.430666 1.631185
-1.132063 1.557633 -1.751863
0.244720 0.607595 0.221521
1.579441 -0.103940 -1.192169
-0.714211 -0.877560 -1.542223
-2.045742 -1.398230 1.200701
-0.096902 0.482262 1.768742
-1.756607 1.092503 0.318787
0.680353 -0.114542 -1.340683
-0.372682 0.263803 -0.531505
-0.470697 -1.139113 1.961899
-0.411483 -0.926079 0.000385
-0.866460 -1.367564 0.638067
1.541415 0.957476 -1.919792
-0.052430 1.677403 1.965138
-0.884795 -1.390065 0.591288
-1.988182 -0.098876 -0.587026
1.612737 0.830978 -1.049975
1.767179 -1.154282 1.981160
-1.063979 -1.779609 -0.390879
-0.878503 1.489368 -0.832053
1.551325 1.345269 -1.393082
0.706699 -0.676874 0.720023
2.027546 -0.570915 -0.044311
0.966082 1.743018 0.675774
0.805746 0.178322 -1.190411
0.739299 0.223333 0.668894
-1.820213 0.085161 1.220868
2.106704 0.626653 -0.806799
0.748462 0.423095 -1.165790
-1.512043 0.758114 1.830891
-0.399544 -1.254804 1.870234
0.264484 0.738511 -0.715400
-2.022666 -1.307961 1.955300
-0.708814 1.109137 -0.503869
-0.961758 1.746047 1.534678
1.347624 -0.635814 -1.502401
-1.443805 -1.389408 -0.344202
0.395443 0.917084 -1.443141
2.282939 -1.213438 -1.843382
-0.369379 0.459486 -1.567050
-1.789306 1.896057 -0.575843
-0.011318 -1.565104 -1.166174
-1.415515 0.670611 1.517862
0.822590 1.039560 0.687587
-1.044859 0.688365 -1.701219
-1.506892 -1.561776 0.838215
-1.590586 -1.515230 2.190909
0.291368 -0.930462 -0.950961
-1.861387 -1.562421 0.765827
0.166359 -0.728146 -1.686440
1.760912 -1.568910 0.501402
0.237271 0.087117 -0.456817
-0.336777 -1.567347 1.755333
-0.323930 1.187932 1.464543
-0.496401 1.741601 1.200292
2.219863 -0.994336 -1.081208
1.197421 -0.126676 1.317554
-0.677989 -0.536388 -1.324146
-0.607312 -0.574423 -0.924116
-0.835686 -0.860420 0.900653
-1.803854 -0.144387 0.769491
0.874898 0.891406 -1.729546
1.662001 -0.478119 0.770671
1.474318 0.706382 0.969101
-1.410925 0.975943 1.165765
-0.473481 1.852593 -0.837255
0.114457 1.089744 -1.483807
-0.441506 -1.927795 1.128497
-0.837229 1.673201 1.603796
-1.728491 1.048898 0.385290
1.181783 1.559060 -0.324581
-1.236944 1.675408 0.263657
1.109009 1.893996 0.685601
-1.855200 -0.006748 1.441285
0.424786 1.938889 -1.124705
-0.357772 -0.829484 1.238427
1.834860 0.902604 -1.565519
-1.515428 1.657725 1.294383
-0.785710 -1.831650 0.121575
1.275821 -1.354994 -1.482778
0.386869 0.457939 -0.422046
1.281613 1.662580 0.722200
0.336976 -1.329131 0.414819
-1.217277 0.579656 0.163735
-1.444540 0.992933 -0.238252
0.279183 -1.389087 2.034630
-0.978481 0.034639 -0.176851
2.123976 -1.885483 1.712806
-1.627453 -0.500113 -1.843033
1.813414 -1.915004 1.887054
-1.452999 1.328609 -1.790977
0.750675 -0.791828 -0.710258
-1.942768 1.218181 1.092828
-0.167527 -1.588291 1.830113
0.768511 -0.389354 0.045277
-1.068239 1.599903 -1.705125
-0.150631 -1.583142 0.157021
-0.761918 -1.632734 0.891167
-1.730144 0.127176 1.390469
0.343505 1.598612 -1.870938
0.300293 1.569538 -1.558933
0.921665 -0.178015 -0.521332
0.228994 -1.339792 1.381683
0.960379 -1.378877 1.804331
-1.669337 -1.367442 0.392038
1.390526 0.595671 0.068187
1.610154 1.910888 -0.169891
-0.787348 -0.992205 0.244204
-0.311431 -0.997479 -0.739384
1.758935 -1.233743 -1.805964
0.351852 -0.882050 0.018871
0.609748 -0.880776 -1.785595
1.114418 -1.098259 -0.428648
0.326046 -1.538923 -1.742769
0.941472 -0.568105 -0.734692
-0.215404 -1.962181 1.544584
1.457575 0.654573 1.456917
-0.791391 0.783354 2.031563
0.231739 1.872427 1.747097
-0.075364 0.665462 -0.061156
-1.943502 -1.897732 1.868705
1.972923 -0.387516 -1.592382
0.238984 -1.211045 -1.968154
1.388726 0.887988 -1.942436
-1.227213 -1.681146 0.738142
-1.285122 1.909621 -0.032008
-0.135881 -1.972683 0.457070
1.364180 1.864464 -1.450533
-0.331574 -0.772244 -0.255258
-1.304611 0.230404 -0.574764
-1.715609 -0.415943 -0.522782
1.327765 -0.001168 0.695614
1.273682 -1.182825 -0.102637
1.544032 -0.403914 -0.272426
-1.317788 -0.763756 -1.431598
-1.774097 -0.510028 2.174391
-1.356224 -1.028576 0.644225
0.370139 0.789865 0.816912
-1.037438 1.121694 -0.095497
-0.369531 1.920878 -1.348850
1.546386 1.297393 -0.278536
1.967077 -1.203494 1.264679
-0.156324 -1.804878 -1.069903
-1.658315 -0.252321 -1.983653
-1.045310 1.685030 -1.923847
-0.125349 -1.209074 0.898697
0.370497 -1.869022 -0.863118
2.061981 -0.395881 -0.231579
0.070424 0.302007 0.217917
1.293109 0.606138 -1.285893
-0.757245 1.963530 -1.647932
-1.173015 0.394468 -0.075898
-0.111363 -1.254206 -1.997668
-0.932282 -1.933602 -1.042219
-0.960011 -0.048298 1.950190
-1.973684 -0.346135 1.837709
2.034691 -0.326536 -0.921884
-0.019748 -1.098138 1.826391
1.329083 -1.631797 0.184169
-1.724042 -1.462824 1.574907
-0.272980 -1.054452 -0.861027
-0.248622 0.795026 -0.496564
1.682897 -0.135365 1.967102
0.455421 1.038425 0.076714
0.003941 1.734586 -1.751985
0.123214 0.124339 -0.463833
-0.474524 -0.055322 -0.125268
-1.862775 0.551640 -1.141632
-1.241966 -0.735886 0.581016
0.422163 1.623729 -0.011644
1.316161 -0.532500 -1.706938
-1.003841 1.665695 -0.065513
2.021112 -1.654910 -0.930074
-1.021516 -0.812014 -0.313983
-0.346282 1.361758 -1.139042
1.803104 1.273740 1.401982
1.830022 -1.620939 1.532623
0.416539 -1.681208 0.443297
-1.067365 1.762961 -1.608475
1.201914 0.606411 0.239256
0.858557 0.618338 -0.747814
2.146610 1.840204 -1.619843
1.070253 -1.717403 1.142518
-0.520764 1.152272 0.257773
-1.736017 -1.622646 1.523669
-0.642800 -0.718058 1.254633
-0.789234 -0.852753 0.391809
1.644965 1.761949 -0.559824
1.783024 -0.253675 -0.274566
-1.847267 0.184423 0.575630
1.497713 -0.388595 1.112941
1.376583 0.378801 0.157188
0.107611 1.219979 1.441767
-1.376105 1.292150 -1.718724
-0.257362 1.054703 1.135402
-1.298559 0.800912 -0.017622
0.977431 0.996796 -1.284855
-1.141615 -0.931387 0.392621
0.696644 -0.213253 0.349778
-0.932836 -0.317408 0.353696
1.239593 -1.330850 -0.568520
0.276587 0.123805 -0.265321
-0.989716 -1.121553 1.271147
-0.826347 0.053993 -1.507135
1.207428 -0.464736 2.053566
1.335443 1.991594 -1.518094
1.758644 -0.347659 1.016957
1.303492 0.802905 -1.141370
2.217753 1.710985 0.352398
1.995450 0.249172 0.576449
-1.776928 -1.014483 -1.896822
-2.066476 1.356484 1.172050
1.485445 -1.923565 1.754211
0.096723 1.733019 1.445902
1.335513 -0.547817 -0.044127
0.977240 -0.366539 -0.300843
-1.767940 -1.238940 0.724390
0.959187 -0.196080 -1.950465
-1.103005 1.452738 1.617209
-2.002215 0.037531 1.344077
1.627640 -1.404340 -1.812062
1.406171 0.956735 -0.743219
0.205091 1.519408 -1.623449
-0.111127 -1.573130 -1.185285
0.140544 0.261458 1.227908
1.565568 -0.124437 -0.754606
1.801348 -1.258511 -1.335307
-0.281560 -0.136386 -1.661981
1.277480 1.608112 1.340239
-0.335945 -1.756339 -0.592556
-1.588189 -0.065137 -0.223304
2.122842 0.768567 0.049474
0.725693 -1.631995 0.707312
